$ 1 5.0E-6 16.13108636308289 68 5.0 50
R 384 112 384 64 0 0 40.0 5.0 0.0 0.0 0.5
r 384 112 384 176 0 10000.0
O 416 176 480 176 1
s 224 176 304 176 0 1 false
s 224 320 304 320 0 1 false
s 224 224 304 224 0 1 false
s 224 272 304 272 0 1 false
s 224 368 304 368 0 1 false
w 384 176 416 176 0
r 384 176 304 176 0 39000.0
r 304 224 384 224 0 100000.0
r 384 272 304 272 0 75000.0
r 384 320 304 320 0 51000.0
r 384 368 304 368 0 15000.0
g 224 176 192 176 0
g 224 224 192 224 0
g 224 272 192 272 0
g 224 320 192 320 0
g 224 368 192 368 0
w 384 176 384 224 0
w 384 224 384 272 0
w 384 272 384 320 0
w 384 320 384 368 0
o 2 64 0 290 9.353610478917778 9.765625E-55 0 -1
